120 118 97 116 
234 -0 -1872 0 
-222.619 -203.898 1780.95 1 
189.583 387.962 -1516.66 2 
-138.106 -534.287 1104.84 3 
73.194 628.641 -585.552 4 
-1.16267 -661.844 9.30134 5 
-70.9818 630.667 567.854 6 
136.222 -538.143 -1089.77 7 
-188.211 393.271 1505.68 8 
221.892 -210.145 -1775.13 9 
-233.988 6.57696 1871.91 10 
223.324 197.631 -1786.59 11 
-190.937 -382.614 1527.49 12 
139.976 530.379 -1119.81 13 
-75.399 -626.552 603.192 14 
3.48789 661.778 -27.9031 15 
68.7625 -632.631 -550.1 16 
-134.324 541.945 1074.59 17 
186.82 -398.542 -1494.56 18 
-221.142 216.371 1769.14 19 
233.954 -13.1533 -1871.63 20 
-224.008 -191.344 1792.06 21 
192.271 377.229 -1538.17 22 
-141.832 -526.419 1134.66 23 
77.5966 624.402 -620.773 24 
-5.81276 -661.648 46.5021 25 
-66.5365 634.532 532.292 26 
132.413 -545.693 -1059.31 27 
-185.41 403.773 1483.28 28 
220.371 -222.576 -1762.97 29 
-233.896 19.7283 1871.17 30 
224.669 185.039 -1797.35 31 
-193.587 -371.806 1548.7 32 
143.675 522.406 -1149.4 33 
-79.7865 -622.19 638.292 34 
8.13706 661.452 -65.0965 35 
64.3039 -636.371 -514.431 36 
-130.49 549.388 1043.92 37 
183.982 -408.964 -1471.86 38 
-219.578 228.759 1756.63 39 
233.815 -26.3013 -1870.52 40 
